-13 -15 4 -22 3 42 -20 2 -47 -64 -51 -21
-13 5 -10 5 -7 -7 -5 -12 -18 15 9 -6
3 -29 13 0 5 31 -6 0 -40 -79 9 3
-20 9 -10 -9 -11 -3 -1 -8 -27 -24 -1 -33
10 -17 4 4 6 14 4 1 -49 -7 16 13
-21 -8 -2 -6 -22 -8 -2 -2 -25 5 -12 -12
8 8 -1 -3 22 8 9 -1 11 12 20 5
-19 -26 -1 -7 3 -1 3 5 2 13 -5 -14
3 17 0 -3 -2 4 -4 3 12 5 11 16
-12 -18 -3 1 -15 6 -2 -9 17 7 -1 -21
1 8 2 -6 4 1 -8 -10 -7 3 5 16
-10 -5 -5 3 6 7 -8 -6 16 6 4 -18
4 1 2 -11 -16 4 -3 -26 -18 6 2 15
-9 -5 -4 4 9 9 -3 -13 19 2 3 -13
0 -13 3 -11 -3 6 0 -22 -15 3 5 6
1 -14 -3 3 -3 12 3 6 14 3 -3 -14
-8 -25 2 -9 2 8 8 -16 -1 -3 4 12
9 -8 -2 4 1 11 7 9 4 8 7 -7
-10 -3 -3 -10 -7 9 0 -4 6 -12 -8 11
10 -1 10 4 10 9 11 4 6 20 18 -29
-4 14 6 -6 -10 9 -6 6 2 -16 -4 34
3 -6 -16 0 8 8 17 3 6 24 14 -17
13 19 12 -2 -6 9 -13 10 -5 -19 9 -7
-16 2 19 -3 5 9 16 0 10 13 15 11
0 11 -23 -9 -1 7 -14 14 -10 -5 -18 0
-23 17 12 -2 2 13 5 -1 5 -5 41 -6
-12 46 -23 -37 -10 26 23 -1 5 -19 -16 -43
-3 29 -3 -24 18 38 23 -27 -36 -6 -59 -57
-14 9 -1 -46 23 30 20 11 -36 8 -21 4
-2 37 22 20 -4 2 -31 -19 -26 18 -45 18
-12 17 -6 -1 9 -1 3 6 9 14 -26 -13
14 -2 18 -15 33 -6 -26 -8 -24 24 -24 -28
37 2 29 4 24 -9 -26 8 33 -19 0 -21
-10 -49 7 0 5 -12 24 5 -4 22 -45 13
-5 -8 -17 -19 19 19 34 -16 -4 39 -6 48
-16 -33 -40 -11 15 7 31 3 -11 32 11 -31
7 -21 1 27 1 10 47 31 -1 8 7 -34
-5 21 4 62 10 -77 77 -37 27 4 -47 -48
-61 -49 -18 1 6 -35 93 -5 -23 26 -12 -25
-81 -37 18 78 14 -5 48 4 22 -1 58 45
-75 -23 12 32 13 54 -18 7 -4 -11 12 4
-16 -36 -50 39 0 34 -7 -19 19 3 -21 34
26 -10 -26 28 55 -4 -21 -6 -17 -20 9 -11
0 -10 -7 45 -5 11 -18 50 -11 25 -5 -4
-3 1 -1 -38 19 -1 -17 31 -11 -8 25 -22
11 -5 -21 -27 45 14 1 46 -36 5 4 -14
4 -34 21 -6 3 50 17 3 -29 -10 -5 -9
-39 35 35 -34 27 -15 2 54 1 -30 -37 -2
27 27 18 -13 21 -11 3 23 -25 -1 17 22
22 13 14 14 -21 -48 27 50 -34 -10 21 41
30 44 49 5 -49 -54 -44 70 -44 -21 -15 -6
75 -17 67 -13 -69 -45 -20 98 -38 -10 8 49
0 -6 18 -7 35 0 4 -17 9 -25 -12 -32
-13 -10 -7 -12 -27 -6 -48 0 -3 -7 -22 -18
5 -4 -5 -5 -21 -12 -28 25 11 -20 1 -9
-10 -13 7 -11 -2 -2 22 -16 -6 -17 20 -8
-8 -4 -14 -6 11 -8 -13 0 12 -16 -48 -2
-6 -10 9 -12 -21 -5 2 28 -7 -15 4 3
-13 -5 -8 -4 -11 -4 4 -15 15 -34 -5 6
2 -3 -2 -11 6 -8 0 5 -7 -48 8 -2
-11 -8 -9 -7 -10 -7 -7 19 15 29 -8 -12
0 4 32 -7 -4 -2 19 -3 -6 1 -5 -1
-6 -12 -17 -19 -2 -9 -15 14 16 19 1 -15
0 3 -9 -19 -6 -6 19 -3 -16 1 -11 4
-2 2 -5 25 -7 1 2 8 19 19 3 -5
-1 1 7 2 -2 -3 7 3 -1 -1 -9 -8
8 8 -10 -2 -6 -8 1 5 26 17 -1 -5
-16 9 -9 -19 -3 8 0 -3 10 2 -2 1
11 18 8 -2 -4 -8 -1 12 -6 12 -6 -10
4 5 -6 -8 1 8 1 -11 2 6 -1 12
-1 10 -1 -1 -6 -9 -11 22 -8 10 -8 16
-6 -2 -2 -12 0 -1 11 -6 12 2 0 -9
-35 1 0 -8 -5 5 -12 12 3 7 -9 26
12 -13 -1 -4 0 15 10 -3 8 8 16 -24
5 4 -1 -7 -5 -24 -8 26 5 4 -24 32
-1 -17 1 -4 -2 36 -4 -10 5 5 21 -7
3 10 0 -6 -3 2 79 52 3 6 -19 10
-4 -17 2 -5 3 -24 -12 18 10 1 10 0
5 15 14 45 20 18 -4 37 2 -12 15 3
-9 -17 -1 0 -5 -5 19 14 3 6 -17 -8
-11 2 10 7 23 3 -6 -9 10 -11 19 6
28 -11 9 -2 8 13 13 3 -2 -8 -10 -7
7 -1 6 11 2 4 1 -20 11 -1 6 6
-6 -11 8 5 25 7 -2 10 -2 -10 -2 -8
6 1 4 -12 -10 7 5 -10 6 -10 12 4
0 -11 18 14 5 4 0 10 -2 -8 -13 -2
2 3 -5 -22 24 14 -9 -1 18 -6 -32 4
3 -12 27 15 -22 3 18 6 -18 5 24 1
-1 2 -10 -14 19 13 -27 -2 32 -4 5 -1
3 -8 27 4 11 1 17 7 -18 19 -5 2
0 0 6 1 -13 11 -11 -2 -11 -6 7 -2
2 -7 -26 -5 24 0 20 6 17 16 -2 3
0 -4 -28 6 -11 9 -29 -4 -2 4 7 -2
-4 -2 -21 -1 5 2 -7 8 -6 4 -9 -1
4 -10 -5 13 4 6 15 -3 -11 7 18 -3
-7 0 -25 11 6 4 -6 6 15 3 -13 -4
3 -8 8 19 4 13 -36 -2 -12 6 5 0
-6 6 -18 1 -15 14 23 1 7 7 -4 -9
3 -11 4 -48 35 18 -15 4 -10 -6 0 10
0 18 -14 -64 -16 4 -22 -4 10 12 1 -19
-5 -13 8 -82 -19 -28 7 11 -8 -7 -10 17
3 2 -21 -33 4 -58 -16 -7 5 3 10 1
-7 -20 12 -78 13 -66 -28 8 -5 5 -15 -4
-5 -127 -21 -60 -50 -43 11 0 -2 -12 11 -14
