0 -29 24 30 -66 0 4 -27 -5 -12 -16 18 17 5 -1 -22 -12 -9 11 -13 5 -1 11 6 14 -2 -10 11 4 12 26 6 -6 -8 -3 27 10 24 1 26 -22 -6 4 14 -10 25 24
9 -22 -23 -24 9 -11 -10 33 -17 7 17 -17 -18 -3 3 21 29 18 7 42 -12 -1 -2 -1 18 -14 5 -14 -34 25 18 10 -9 9 7 8 -5 -18 -11 -11 17 34 -3 -14 19 -42 -2
-7 3 29 5 -7 -27 19 26 18 -12 15 -18 6 -19 11 10 15 5 14 10 3 8 -8 -22 -5 -20 3 -7 -28 -5 -1 -7 -27 4 -8 31 12 -14 -7 -18 22 13 0 -22 13 -7 10
-14 -8 -24 -29 38 -16 -29 20 -27 6 56 -16 -7 -24 -18 37 9 17 -7 -13 -40 -3 8 10 -14 10 -9 -1 8 -8 -42 -44 -25 -10 -23 -23 37 -38 -37 -3 32 -7 6 9 -12 -20 3
15 6 -4 7 6 -21 -16 -17 -23 20 33 6 51 9 -5 22 19 -14 19 12 -30 23 12 21 21 13 -10 -2 36 2 19 -26 -14 -11 -30 -14 26 -23 -18 3 9 0 1 1 -9 -18 -2
-6 -6 55 5 5 -8 5 -8 30 -18 24 -7 -13 1 -8 2 0 -18 6 12 15 -1 -27 -22 0 -21 16 26 -4 -21 -18 1 -48 31 3 22 4 -2 -2 -30 0 4 -25 -45 11 13 -18
6 -27 0 -3 -38 -9 -22 4 30 -30 -6 -1 -13 -9 -36 -11 -21 -4 -25 -3 20 -23 -2 2 11 12 -8 8 -25 37 -12 -6 -22 -7 -30 -8 -15 -31 -8 -17 -18 -31 -32 -27 -34 -7 21
3 -6 39 7 47 8 -18 4 29 3 13 -1 -2 11 18 -16 -1 -11 -2 10 0 -2 -12 -8 -4 -36 54 8 8 -39 18 -11 17 -2 4 34 20 -17 5 -41 -21 11 -23 -12 31 -8 -45
-17 -13 14 -9 -8 15 18 -44 6 -14 -13 13 38 -8 46 -4 34 -3 10 -9 5 9 3 8 -19 -15 -4 -3 32 -19 16 14 45 -17 -25 19 23 5 -4 18 -9 12 -11 -10 -12 -17 -21
4 8 7 21 19 1 16 -1 -2 -30 15 2 4 -15 -10 -11 -15 32 -11 -14 5 -11 4 -7 -3 -14 -29 -8 3 -7 -3 -15 -15 -7 -19 1 9 24 10 9 1 -35 28 5 -30 17 35
-7 -20 -19 23 -39 6 -17 -49 22 10 -20 18 -15 -18 -29 16 31 -36 -19 10 -4 -10 -11 -7 -8 20 18 -1 22 -18 -34 -19 -5 -41 -12 -19 -37 -1 -31 -28 14 27 -9 -25 21 -9 -32
-16 15 38 -14 40 12 -1 23 16 -14 0 -36 35 -10 23 17 -14 11 12 2 -24 8 -36 -6 -19 -47 -4 -17 -10 7 -20 4 -16 13 -12 10 10 -23 24 -6 7 -19 -5 -18 -10 3 22
19 0 30 31 9 9 0 6 15 16 23 -6 8 -16 -6 -13 -11 -16 2 14 -17 -1 1 9 21 -18 -22 -1 38 -2 -9 -16 -12 4 -25 12 32 -13 -23 -2 -13 17 8 32 7 6 0
13 -10 13 15 -50 -3 -48 5 5 6 36 15 2 4 -37 30 -11 -33 -11 -3 -16 -15 -9 1 15 50 17 34 -5 -4 -66 -37 -54 5 -20 -7 11 3 10 14 25 13 -4 15 14 27 13
42 0 0 -14 -13 10 -4 -30 27 -15 -21 -35 13 25 -43 14 -39 -37 2 35 -27 11 -28 12 37 13 15 -7 31 10 -10 6 -65 107 56 -33 -20 -27 34 4 6 -12 -43 -7 -21 10 15
-32 -41 -4 -14 -15 3 -60 -38 36 -15 -30 -28 -24 -16 -21 -25 -49 -15 -37 -27 -12 -30 -32 7 -28 1 -1 -2 -13 -30 -11 32 -3 27 60 -28 -30 -13 41 -12 -27 0 -15 -3 0 53 -31
-41 5 -11 -7 -12 -34 -20 -15 -15 -10 -55 -16 -7 -10 -7 33 -33 -25 13 -25 -11 27 -56 -35 -24 31 2 -20 -29 13 1 31 -24 12 85 -8 -22 -4 -6 10 12 -1 -24 -44 14 10 40
-23 -19 -17 -25 14 -17 -55 14 -11 8 27 -43 -5 -35 -28 9 -20 19 -14 -35 16 -11 45 10 -23 1 -24 37 -21 9 -10 -20 -27 18 5 -17 2 -66 -26 3 -1 -5 19 25 -15 33 -2
14 9 -34 -44 9 -52 12 2 -65 3 20 -1 13 -17 -6 15 8 -7 1 -35 -12 2 -4 5 16 23 3 -1 -11 22 4 -25 -10 -32 -36 -12 38 -23 -19 25 19 -15 -23 -12 -6 -26 31
5 -1 -56 22 16 8 1 12 16 9 23 43 5 -2 4 23 9 8 24 37 -17 -4 19 -1 34 14 -28 -6 18 5 3 8 -1 -14 10 -19 10 18 -4 -3 18 22 -11 3 7 12 20
-11 -34 -19 17 -2 22 -5 -6 28 24 5 21 -3 -9 11 4 22 14 -27 -39 -17 -18 17 -21 -13 -17 20 -6 2 -21 -16 -22 33 -30 8 2 -14 -7 -15 -7 -5 -1 -4 -19 -9 -29 -34
13 4 38 -7 -32 -12 -47 10 -10 -27 -1 -9 -6 16 -39 -25 -2 -23 0 28 -21 8 16 19 22 10 -16 -5 1 -1 30 37 5 3 5 18 13 8 -5 -10 -20 14 -27 19 2 29 -2
-6 -6 -10 -3 33 -48 -12 -2 -15 18 -7 -13 3 13 14 -2 10 -25 -2 -35 14 -4 -16 25 23 3 18 -9 -11 9 36 10 -25 -19 16 -25 -43 -12 22 -1 -13 4 12 54 -36 -19 -23
-39 19 -2 4 23 1 20 -32 -17 -6 -52 -12 -8 -19 21 -27 24 13 27 45 35 32 -14 26 -39 -34 -28 -36 18 10 34 27 37 8 -3 -2 -47 16 22 12 -4 6 28 -11 -14 -51 16
-13 -18 -13 -46 -1 -12 -28 -39 -9 -12 35 18 7 46 21 7 1 14 3 -13 6 8 1 4 -5 -16 5 18 15 -14 28 -11 28 39 -16 -2 8 7 37 17 -1 -6 20 10 -6 -21 -12
24 25 27 14 7 8 15 -27 -8 5 1 4 20 13 7 -3 -10 -22 18 -3 -36 25 -6 -13 28 -25 4 -13 11 -16 -10 -13 -28 -22 -21 -4 17 15 26 35 -6 2 -2 -18 -7 -26 7
18 3 45 -5 17 11 -19 13 35 -55 19 -1 -17 4 -11 13 -14 14 8 33 -6 -14 9 4 -16 -1 -5 -15 -19 -21 -15 -4 -5 10 26 5 6 -3 13 -25 22 -27 12 -18 -8 37 5
2 -28 1 1 -15 11 -33 3 -43 -7 -27 -42 -16 -15 -10 31 13 -18 -16 53 20 -14 -14 -2 -10 -4 -13 -20 -4 12 3 22 -2 32 28 12 -39 -22 -46 -12 19 26 -16 -13 -5 -15 1
-27 18 9 -7 -23 -15 6 -18 2 -36 -19 -8 29 -9 -2 -2 -20 -18 37 2 30 27 -23 20 -20 -6 -8 32 11 -3 24 22 -20 10 -15 -6 0 -27 -23 -16 -13 -19 -5 20 -23 23 -32
-35 2 -16 75 -17 -8 -5 36 0 9 -17 48 -35 -39 -5 -13 11 13 -9 -14 11 -9 6 -4 -36 17 -14 13 -14 -5 4 -4 15 -38 4 33 11 20 -38 -21 -9 2 5 5 -4 4 -10
-25 16 34 25 31 8 -1 -23 23 3 -7 34 -27 15 23 -17 -2 0 2 -16 30 26 -1 -28 -24 -4 1 14 -11 -30 10 19 32 -1 4 24 -14 39 5 5 -9 5 2 -22 18 -3 -10
-35 15 -4 7 -22 14 -36 -22 8 34 21 -9 13 21 1 18 15 26 0 -17 -21 -16 -28 -11 -22 14 -24 -15 -1 -3 -27 32 13 -26 4 -13 14 15 -2 2 -7 42 -25 16 -11 18 -21
7 19 -5 2 -20 35 0 -5 -4 13 -8 3 -22 49 -7 7 -15 -12 21 14 -4 16 -6 -12 3 23 -27 -8 -3 28 -5 -1 -18 -16 -6 -16 -28 37 51 -14 -5 -13 16 2 -10 4 13
-5 -4 0 -38 2 -20 43 -30 2 -4 -12 13 10 1 36 8 12 -12 5 -20 -8 9 -25 -2 -10 10 18 1 -6 -25 -16 4 26 -19 -7 3 -8 14 -13 12 21 13 18 -16 49 3 -9
15 -19 19 -43 6 -19 -27 -28 8 -12 -14 -45 0 -5 1 -15 -15 -6 -18 -12 -31 -17 38 0 19 -18 21 -5 -21 -7 15 -1 -16 16 21 -17 9 -41 54 1 -22 17 -28 -3 -17 2 -7
32 7 13 -18 -6 -27 27 24 11 21 -36 -60 26 -56 2 -1 38 -17 2 12 -18 9 1 -22 36 -41 -3 -57 -28 41 37 1 -30 -13 11 4 -4 -51 -20 1 -1 38 -36 -25 10 -29 53
-8 -27 -12 -23 11 -15 -26 -47 86 -12 -28 -44 -54 -39 -28 -31 -29 -39 -18 11 -52 -8 -41 -29 -6 -47 -24 -47 -1 -28 -2 -29 -25 3 7 -7 -19 -46 -8 -37 -31 23 -58 -56 -19 -33 -29
-5 -13 -8 -55 -1 -38 -32 -22 -2 41 34 -15 3 -16 9 5 57 -1 -7 0 -12 -18 -17 4 -1 -4 43 -13 -28 -3 -17 -23 -22 -3 17 -12 63 -12 52 -22 11 49 -17 -9 55 -16 15
-9 9 -11 -54 5 7 10 -59 -22 61 -11 -12 0 2 41 -28 33 -39 12 -27 -2 9 -4 -12 1 -34 36 -9 -6 -38 28 6 32 -51 18 -23 35 11 25 2 -29 67 2 0 70 -24 -45
-13 15 3 37 -9 -18 16 -6 -10 -25 -21 24 -9 4 2 8 -20 15 13 -11 12 12 8 9 -17 11 -21 4 4 -10 3 11 -6 28 -8 35 -40 19 -36 12 12 -38 50 29 13 12 -1
10 -43 -9 -9 -1 -45 -28 0 13 -20 -14 4 -8 16 7 67 16 -19 -22 -16 -14 -32 -11 -16 9 41 26 -17 -34 -33 -29 -21 -24 15 -30 -3 -43 -28 -53 -1 61 -10 -36 -35 8 -61 -27
-28 -3 -7 -4 15 -13 -38 17 12 23 23 -3 -26 -22 16 8 20 15 1 14 22 -3 3 -17 -23 -16 -7 12 -16 -4 25 7 0 12 24 28 23 -18 -19 7 17 52 15 4 38 -4 -4
17 52 3 -17 -9 21 27 -9 -18 -9 0 6 -64 50 -65 -23 -25 3 46 29 7 53 1 45 14 45 21 45 26 43 36 52 34 -9 40 -32 -3 41 38 -23 -18 -11 29 28 -8 62 4
-5 -25 -13 -80 -18 -26 -5 -80 -51 -11 5 -42 -5 5 -41 -10 -27 -6 10 31 16 -7 -21 -4 8 -25 -19 -12 -21 61 29 -20 -18 14 -3 -50 1 1 24 -13 -24 -11 15 -10 -20 16 55
-29 96 -82 -48 -31 -46 28 -35 -67 -32 -3 12 -23 22 -27 26 -20 -49 127 53 -25 42 -46 -26 -13 17 -51 -22 -29 8 6 10 -73 -29 -7 -60 5 -16 8 -20 11 -6 -49 -38 -26 -30 -20
9 13 -20 -48 -21 -6 10 -2 20 27 17 7 -16 38 21 14 -9 -32 8 -21 -52 9 -4 -25 12 18 13 -4 15 -1 -39 -22 -18 -33 -7 -20 -2 25 28 25 15 -1 -3 3 8 2 -5
8 -13 -7 -13 13 6 2 21 17 -22 4 6 -11 3 5 10 -8 3 1 24 61 -11 -27 -14 1 -4 -8 24 9 19 1 0 -3 53 5 18 -11 -11 -22 -8 2 -9 -25 -17 -17 -2 7
-19 5 3 35 -11 8 -9 10 21 5 -24 14 -23 -13 14 16 -12 -43 9 -5 -32 -8 -39 -55 -23 -15 -15 -27 -3 5 -59 -58 -45 -14 -5 24 -16 -4 -10 2 15 1 -26 -35 1 -15 28
-21 12 41 0 -29 -1 -33 -21 -51 -7 -31 -44 -18 -11 -20 -23 14 -43 7 29 -36 -3 -17 -14 -21 -3 -4 -29 -6 -35 -16 29 -15 -7 69 17 14 -4 13 -27 -10 62 -25 -2 44 3 -33
33 27 -29 -18 -16 14 41 -25 -8 16 0 -29 -1 -5 -28 -2 -1 -36 72 74 -59 0 -24 -8 36 34 -6 -23 -4 2 -8 21 -27 -30 -16 -38 20 -20 -6 2 -2 32 -51 -9 1 -25 -30
-6 13 17 23 12 39 46 26 19 15 -31 -4 -10 -19 -7 9 1 -14 -7 12 10 5 -14 -7 -15 -12 -8 -7 22 23 -19 7 -4 -11 11 -2 -41 25 1 -14 18 -5 27 9 12 18 23
-28 -13 15 -8 -14 -12 -8 42 -11 -23 18 -24 5 -34 29 5 1 24 -15 -18 -11 -29 -22 17 -30 -24 -11 3 -12 -16 -12 13 11 -8 -33 3 62 -35 -14 -1 4 -6 5 12 -9 4 -9
-13 -22 -30 -16 -31 -30 -24 -19 -26 -35 21 44 -7 12 -6 -26 -17 42 -13 -27 -7 -26 8 20 -11 4 -24 24 -1 -5 20 -17 10 -17 -30 -24 18 6 8 -11 -33 -41 5 8 -49 -10 -15
44 -3 -34 -32 52 1 0 1 -5 -5 -16 -28 57 19 -7 28 4 10 -5 14 18 -1 -8 1 27 -9 17 -15 8 -3 34 8 -10 39 35 -17 -10 -30 6 -6 22 -4 -12 2 9 0 19
35 -29 -55 -74 -14 9 -29 -65 -6 -5 1 -39 50 26 -10 -17 -12 -12 -33 -50 -81 -21 -4 24 28 5 21 -33 16 -68 -36 -25 -19 -4 11 -74 25 -9 119 17 -8 -5 -38 19 -5 -19 -40
-44 -2 -46 -31 -73 -5 -25 -57 -56 -44 -15 107 -21 17 -17 -7 -8 -36 7 -20 27 6 -18 -12 -30 21 -21 52 4 -3 -27 -21 -5 -53 -37 -28 -43 72 -8 -43 -12 -36 -25 -25 -43 46 -31
8 0 13 14 -34 -12 25 -6 2 11 11 9 -8 -18 19 -21 14 11 3 -5 -7 -18 17 -8 9 3 -6 9 -27 11 22 7 -14 -14 -13 1 37 8 -1 32 -15 15 9 18 4 -11 10
18 35 -13 10 -39 0 11 -23 31 -23 -20 18 -16 17 -29 -37 -30 -26 18 0 -13 20 -21 5 -3 12 -28 0 11 -54 -10 16 -10 -16 -39 -13 -30 15 -9 -17 -25 -29 -2 -1 -24 -14 -64
18 0 -1 -36 28 -22 11 -45 -43 -8 19 -6 10 23 -19 -10 -17 -19 24 4 -55 11 11 4 32 -9 -3 -25 5 -18 24 -15 -20 -19 -27 -11 21 9 11 -5 -15 -11 1 -6 1 -13 -8
-12 25 -25 -21 -40 -13 -28 -34 12 38 -5 23 -27 -1 5 -18 -11 -17 27 -17 -18 20 13 6 0 5 -19 15 2 9 36 18 10 -18 20 -14 37 1 21 41 -18 32 -13 13 22 4 -7
8 -7 3 2 -10 18 25 -53 20 -15 13 32 0 -1 12 -21 15 13 -7 -3 5 -1 3 -19 3 -39 5 -8 4 -21 13 -5 -7 -28 13 2 26 38 15 -15 -19 11 13 -19 11 5 -3
6 -3 18 -18 1 35 -2 -27 10 17 -6 -9 -5 -29 18 4 33 -23 13 20 16 -9 -12 25 -8 -18 -6 13 13 33 14 28 -15 -29 1 5 -11 6 -12 -19 24 5 -12 8 6 3 35
-27 -27 29 1 -3 -19 -54 11 -10 8 5 -26 -53 -17 16 10 -13 -35 -24 0 25 -35 -30 -27 -26 -34 13 4 -29 -11 -25 -13 -28 41 -6 37 -1 -37 -21 -28 -3 25 -29 -13 40 -16 -9
-32 -4 1 -33 -18 -5 -26 -37 -28 -41 -33 -23 46 -2 38 16 -31 1 0 -41 17 14 2 14 -34 7 -2 24 -1 -7 -18 -19 12 22 -16 1 -24 -25 18 78 9 -47 10 9 -36 10 4
-27 -12 -12 21 -52 9 -31 20 -47 -5 -1 -28 26 -42 16 7 14 14 -10 -6 5 -15 49 54 -27 -10 -46 10 17 10 -40 -34 48 -36 -49 -1 11 -41 -27 27 9 -12 12 32 -36 9 -1
-7 15 38 31 -44 13 0 66 -18 -42 -14 -1 0 5 -7 4 -9 4 6 27 19 9 -11 11 -13 -4 -22 3 0 17 -26 3 -17 11 -18 34 -27 -2 0 -1 16 -27 19 11 -39 1 6
-35 -1 23 17 11 -1 -43 8 4 -1 8 -19 -27 -3 -14 14 -9 6 6 30 2 -9 -6 13 -29 0 13 4 9 11 6 6 -4 36 39 8 19 -21 20 -13 9 21 -7 -4 -6 11 7
-4 -14 -39 -89 6 18 3 -20 -34 11 -6 -63 42 -14 -2 25 2 4 -28 -33 10 -11 16 19 -2 -36 -11 -13 77 -2 9 0 22 16 16 -62 -14 -22 6 7 29 -12 4 12 -27 26 1
-14 30 16 -7 7 -8 -4 14 -3 7 -8 -34 -21 -22 1 9 -28 -20 18 0 -9 9 -20 -18 -24 -39 -27 -16 -15 -7 -37 -24 -39 -6 -36 -5 -23 -25 -24 -2 18 -21 8 -5 -8 -18 3
29 21 -10 20 4 27 3 10 -14 15 -12 11 6 32 -55 -31 -13 -8 8 -12 -34 24 1 22 20 62 14 6 23 -45 -14 17 25 -36 3 -29 -16 23 12 -4 -29 -6 -2 26 -4 -1 -57
26 -12 -16 -12 -40 -27 16 -26 -7 -25 -15 37 -22 40 -29 -5 -25 -31 -8 -31 -38 -11 -7 10 26 57 43 13 -9 -10 -12 9 -7 -12 -19 -10 -33 17 8 -3 -4 -31 -45 -16 9 2 -25
-19 -16 -3 -3 51 -20 -2 0 59 -1 1 18 -19 -19 5 13 -11 -3 -23 -17 -18 -19 -37 -7 -21 9 8 -1 -16 -22 -15 22 -4 -7 -10 -2 -23 -4 -20 -25 5 -15 -31 -18 13 -5 -7
-30 -27 -19 -17 -64 -39 -25 4 -30 -31 52 18 -22 -15 -7 0 14 56 -34 -29 46 -29 41 14 -19 -9 -15 35 -32 0 -29 -38 -4 -35 -32 -15 17 -15 -25 -27 0 -22 25 -15 -22 6 -14
20 5 56 19 -46 25 21 6 18 -14 2 -19 -16 11 -20 -1 -10 -5 -16 -11 -3 10 -17 3 8 1 25 16 7 4 -28 -10 -13 5 -17 3 -18 11 29 -6 -12 -19 16 -4 -20 13 1
-25 10 -4 4 -4 -2 12 -9 29 -25 -32 2 -9 -25 6 20 -39 -24 8 -18 23 7 -23 -19 -26 5 -31 14 -11 10 -10 1 -22 22 16 7 -37 -5 -23 13 20 -20 -9 -12 -18 45 18
0 66 28 7 -25 -25 8 -2 -22 -8 -24 0 -22 20 -50 -53 -21 -30 15 -21 -30 86 -23 -30 -12 -5 -1 -10 0 -46 -33 -7 -13 -56 -23 25 -27 37 -9 -11 -31 -6 40 1 4 -18 -47
9 -28 21 38 9 1 -31 40 14 3 -9 9 -46 15 -38 -25 -39 0 -39 -5 -3 -27 -3 7 10 22 -5 1 -12 -9 17 23 10 19 10 13 -23 -6 -27 -5 -23 -15 -23 8 -12 -3 -11
10 -4 36 -41 12 -24 -9 22 3 35 3 -45 -39 -5 -3 -17 7 13 -13 -31 -4 6 4 -12 4 -21 60 -9 -50 5 -1 -15 15 -19 15 12 3 -30 -1 -9 -12 28 -14 -21 41 -28 -5
-6 2 -35 -18 -58 2 -37 -37 -19 -20 35 10 32 14 -12 36 1 5 -6 20 4 1 24 16 10 13 -33 4 14 12 -37 -22 -14 -16 -9 -30 -4 38 32 24 31 1 17 7 -29 20 32
6 -20 -11 -18 -2 -27 37 -3 14 14 -26 -9 -6 -17 15 -26 -10 -12 -18 -35 8 -29 -7 -7 6 -21 -4 0 -31 -1 18 -1 -7 7 -18 -3 10 -13 -13 -3 -18 -10 -11 12 25 -2 8
7 12 -1 -55 24 -38 16 -35 21 13 -9 -39 -8 -11 -17 -17 -9 -4 27 19 -35 27 -35 6 11 -2 13 -28 0 7 20 31 3 13 23 -19 15 -8 17 7 -9 24 5 -9 36 -1 12
-34 14 -34 -39 6 -19 21 -50 -34 -39 -30 -14 9 -20 -3 -14 -6 22 17 -9 34 33 -3 -3 -31 -27 -50 -22 1 5 29 13 7 -11 2 -30 -31 20 1 7 -7 -30 24 -13 -44 -7 18
12 -10 -1 -20 -22 -17 40 -43 8 -32 -33 7 2 8 6 13 -16 -23 -8 -19 -49 6 -27 -11 10 33 1 -22 4 -47 -28 25 27 -20 -32 -8 -41 19 -23 7 12 -25 -15 -26 6 1 -38
-4 7 17 14 -66 -17 -16 -45 4 -32 -15 -21 12 9 -16 26 -20 -17 14 44 3 5 -11 4 0 -1 -23 -4 -6 23 -26 0 -21 30 3 -12 -30 5 26 22 17 -11 0 -4 -29 9 33
8 -32 -8 -4 30 -3 -41 -8 -9 -19 0 -20 -25 8 -29 -17 -29 15 -33 0 -21 -42 31 44 2 -8 -30 -40 -2 -31 8 29 25 49 18 -10 -16 -15 11 -2 -14 -6 -14 49 -9 -11 -10
-6 -16 2 -7 49 -10 9 1 -23 -47 -23 -25 -18 0 -32 -14 -27 36 -19 -3 11 -9 -20 -16 -15 2 -7 -21 0 21 0 -18 8 29 6 -1 -47 12 -9 7 -5 -50 32 -13 -37 -10 29
32 0 -39 -27 23 -12 17 9 -34 35 12 -20 10 11 -18 -7 19 9 -7 -7 -45 7 17 -18 29 -4 3 -43 -1 3 -6 -40 -10 -28 22 -33 8 -4 18 5 -8 15 -5 -19 -1 -38 15
9 -27 7 7 3 8 -14 32 0 42 -5 -7 6 -13 26 -3 13 -6 -23 -20 -23 -27 19 8 9 -10 12 -2 7 10 -1 -17 24 -31 -26 -2 15 -29 -23 -7 -8 15 -9 5 20 -8 -19
-6 0 -4 18 -60 26 9 -30 0 -24 -1 -8 13 -18 4 25 28 17 3 24 9 -1 23 6 -4 0 -20 0 17 9 -32 -33 3 -14 -5 -15 -7 8 -2 14 18 5 30 3 -21 5 -9
-24 -24 40 -4 -17 3 -34 -50 -16 -32 -31 -15 -16 -7 -20 -30 -22 -35 -26 -42 39 20 -3 -9 -21 -41 44 49 -12 -20 14 -8 -19 14 -10 31 -24 -14 -21 -14 -29 -16 2 -8 5 50 -22
-22 -5 -15 -23 30 -34 -15 1 -30 6 -53 1 9 -13 64 -9 -24 -20 16 -45 -2 18 -16 -39 -23 -35 -15 -20 -30 4 4 -2 -3 -29 -19 53 -16 -31 -13 36 -5 -7 -31 -21 2 -41 51
19 -35 -26 -50 -13 -18 -12 -12 -26 -24 24 -15 4 9 -42 -24 1 13 -33 -5 35 -26 5 -12 27 -25 -6 -29 -26 40 -12 -32 -14 13 0 -24 2 13 17 -20 -14 -10 12 -4 -10 -10 59
11 -18 -61 -39 -11 -2 5 -3 -39 2 0 -2 50 -23 -5 16 34 -6 -15 -46 2 -13 33 4 14 -9 13 0 -1 0 6 -16 4 -37 -4 -34 24 -15 -8 3 15 5 -3 -1 -1 15 -8
-18 -4 25 -4 -9 -18 -27 -9 -8 -9 12 18 11 31 0 20 -8 -7 18 6 -20 -4 -11 24 -15 45 6 14 16 4 -18 -4 14 5 -17 -7 32 -1 36 17 14 -15 -16 -6 -8 8 7
51 57 55 6 53 -53 38 91 40 23 34 31 41 39 20 -5 13 51 43 -1 29 59 28 28 57 65 43 55 -55 64 67 49 14 37 48 68 63 28 55 62 9 24 29 36 59 40 75
27 -22 -3 11 -63 5 -9 -41 52 6 -46 3 -2 -22 28 16 24 -93 -36 -69 -54 -25 104 -100 29 -60 -8 -43 -20 -5 -7 -57 -48 -61 -19 28 -44 -31 -58 36 -11 5 -87 -100 -21 -52 -9
4 -27 52 -5 -78 -11 -50 -33 -7 -8 6 7 -12 34 -26 -23 -30 -58 -16 -6 -50 -20 -4 15 19 33 8 12 7 -22 -26 59 17 -6 21 2 34 18 33 4 -32 34 -39 14 40 56 -27
19 20 15 -39 10 -8 -2 31 -30 1 13 -45 -3 5 -17 -13 2 30 10 12 -20 10 -24 7 12 -19 1 -20 -35 1 8 18 -13 -12 -11 0 14 -30 13 -16 -6 0 1 6 -5 -29 1
16 21 39 -54 -3 -8 -9 6 -53 -10 -1 -42 27 35 -28 -7 0 9 8 -4 -2 37 7 28 20 -1 14 4 6 0 5 24 12 18 17 25 -12 8 22 13 11 -4 19 30 0 18 18
6 11 6 39 2 66 -9 6 -33 -9 6 -14 -3 9 -35 -11 -13 -8 5 19 -6 -4 17 4 0 -1 -2 0 32 -8 -8 7 5 -4 11 -7 -9 7 3 -7 -14 -10 7 22 -45 19 -23
26 -33 -23 0 39 10 10 -6 21 -4 -20 16 20 -16 20 -9 11 4 -32 -16 23 -22 21 2 19 2 -1 0 1 -14 7 -5 8 12 -6 7 -31 -9 -27 26 -4 -5 -11 14 24 -6 3
6 6 -33 -41 13 32 18 -51 4 1 15 -5 11 -8 39 26 14 1 9 -1 20 9 -10 -14 6 -33 2 -3 9 -11 2 -8 -23 2 -6 -42 6 18 24 -3 21 11 17 -15 4 5 8
-53 -20 -33 -34 15 -2 8 -12 -13 -57 -56 -38 -3 -35 -9 -13 -15 15 -10 -32 43 -10 2 -17 -51 -36 -15 -9 -33 -7 46 29 0 34 62 -9 -40 -14 -36 -19 -15 -46 -11 -18 -49 34 -13
4 42 2 1 -8 -37 -22 29 12 -1 -2 -1 -7 1 -6 7 -5 -2 10 0 1 20 -2 -5 5 23 -2 -9 -44 0 4 19 -36 -2 34 12 -8 -13 10 -11 9 13 -14 -5 26 -5 12
10 20 -16 -8 42 0 23 -24 -5 27 -27 -20 6 -15 -8 0 3 -16 11 -10 -13 4 -18 -7 1 -4 11 -19 11 4 8 -7 1 -2 21 -24 6 -17 -2 23 -2 14 -19 -13 10 -14 12
-17 -1 -8 18 -2 35 -24 25 -63 -9 -8 10 3 -3 36 23 13 -10 23 -20 -1 -6 3 -2 -14 4 -12 7 -31 -16 -6 16 2 -3 5 18 -10 1 -9 16 14 9 -5 4 3 -2 -29
1 -8 12 3 10 6 -15 -44 -17 20 39 11 2 -1 14 7 12 22 19 26 -43 -4 10 -8 -21 1 16 4 -21 3 -13 1 -28 -1 -14 16 -22 -4 23 22 10 3 -37 0 14 0 -7
-20 -1 -25 -36 4 -55 4 -3 15 0 -4 5 -21 -22 5 18 -6 5 -11 -17 3 -6 -37 -7 -24 32 -8 15 -36 -5 -32 -5 -10 4 -9 -19 -19 1 -24 6 26 -10 -4 -25 12 -14 12
38 -33 7 2 -31 25 3 -4 15 -11 -13 -5 19 8 -4 -33 -4 -12 -22 -1 -28 -30 15 -4 35 -11 1 -13 7 -12 29 17 20 -11 -2 -8 26 0 4 0 -40 0 -35 3 -5 11 -6
13 -1 -7 62 -22 25 18 15 -17 17 -2 24 40 -6 15 -1 47 -4 -6 -3 -15 -12 18 -2 5 -12 -6 -25 23 -14 -14 -17 9 -36 2 11 5 17 -4 -13 11 19 1 -2 7 -27 -11
-7 37 -32 10 -5 33 -12 28 -10 20 -33 5 -24 5 -1 -33 -2 -28 32 28 -6 33 14 7 -13 -20 -42 -21 17 27 9 19 5 -25 25 -11 -22 9 2 -4 -22 22 -5 31 2 11 -5
-19 23 14 24 1 -6 12 19 -7 13 -25 -10 -6 -17 7 8 -2 -18 35 27 -16 33 -41 -41 -20 -14 -5 -30 -9 22 -4 -15 -12 -35 19 18 -21 -19 -21 -10 -8 15 -16 -44 8 -36 9
-10 -14 25 -2 39 14 4 10 -29 35 2 -17 -27 -17 14 -28 14 2 -28 -32 -12 -20 26 -28 -12 -14 27 6 -4 3 30 0 76 -27 21 17 44 8 -17 7 -28 19 7 4 26 10 10
15 29 0 -14 28 -2 25 10 -2 -16 17 -14 -13 -10 -38 -19 -7 1 16 30 25 1 2 2 3 6 -15 8 -2 -6 26 16 -21 12 11 -16 11 -7 -8 -44 -11 -9 -7 2 -14 20 -15
-1 29 33 42 -15 3 16 8 -22 31 -14 28 -2 -3 17 5 5 -9 7 -29 -31 18 -16 -7 -10 47 15 39 34 -25 -35 -2 10 -39 -15 18 16 54 -8 51 22 14 52 37 35 39 -29
0 6 5 -35 52 -24 -28 5 6 -11 50 -18 -6 10 -21 -1 -11 45 -9 -6 -8 -2 -17 -4 3 -5 19 -1 -15 -4 -16 -34 -21 9 -10 -12 30 -12 37 7 -1 -21 5 -19 -20 -17 11
34 -23 10 18 -39 13 19 -15 10 -6 27 23 -15 18 -15 -3 31 -3 -25 -13 -24 -24 20 -7 26 4 29 -5 22 -26 -28 -40 10 -18 -33 0 8 3 -8 -8 -10 -12 -10 -16 -31 -29 -37
-35 -30 -26 -18 -11 -16 66 -16 -26 7 -34 8 -31 -41 9 -1 59 4 -41 -46 7 -17 -24 -51 -30 -12 48 -17 -23 11 -17 -39 23 -52 15 -9 -32 37 -24 -13 4 16 36 -42 11 -13 -13
-16 3 -20 6 22 19 -39 32 -61 5 -32 -27 2 -6 -33 -6 -31 -27 -3 -23 -19 -1 23 -5 -14 11 -23 -22 -12 15 -4 16 1 -20 13 -15 -16 -20 -23 -9 -20 -21 -12 24 -5 14 1
4 -3 -13 4 -3 -38 -23 17 16 -4 30 34 4 29 -12 -27 14 20 20 29 -21 4 5 36 3 8 -4 3 1 16 10 -1 14 -5 -2 26 44 -17 14 -39 -28 -8 -11 17 -12 -17 -21
-1 5 22 -9 -32 67 15 7 -36 -23 -28 -21 -6 -1 31 0 -13 -10 -15 -39 39 -9 3 -32 -12 -44 -1 5 -46 -8 -14 0 -17 -7 -20 -9 -13 20 11 18 -11 -15 12 7 -9 19 -5
5 12 14 -2 11 -4 -3 7 -56 -9 1 -14 -24 37 -46 -50 -19 24 7 31 -32 15 -2 43 2 7 -13 -19 -1 3 41 26 27 -9 -6 -11 7 13 29 -7 -48 -25 14 29 -21 -16 -4
-7 5 -15 -2 26 11 0 21 18 28 -24 -13 -22 -23 -26 19 -4 -26 -13 -19 -17 -13 -32 -30 -10 45 37 -2 -12 17 -28 9 -2 -22 34 -22 -27 -8 -9 -19 19 5 -42 -30 13 23 3
14 -8 19 17 12 45 -21 29 -6 -13 0 26 -7 14 15 -8 1 -15 -6 -8 10 -4 15 -12 6 2 -2 1 -56 4 4 28 5 -4 6 23 -19 25 4 -17 -16 5 -31 4 4 20 -4
-2 24 7 22 -35 21 8 -18 -26 0 -17 -34 19 -11 20 4 -17 -8 28 30 35 17 -43 -11 -17 -36 -16 1 3 -17 -31 -48 -41 10 -40 0 -17 -13 -29 32 8 1 87 44 0 -18 -3
-17 -28 -1 -2 -33 48 -10 -30 53 -16 -29 18 0 -16 23 1 -4 -29 -27 -8 30 -24 -26 -7 -14 33 -15 5 7 -20 -26 14 -6 -9 12 -17 -34 8 2 -12 -8 -9 -31 -35 -15 7 -33
-16 -16 -3 25 -27 37 -39 -40 -15 -22 -20 4 -7 3 -16 -14 0 -17 -3 39 13 -10 6 27 -13 6 -17 3 42 -14 12 17 26 -2 -8 -15 -16 -3 -10 -4 -18 7 -10 13 -24 -3 -24
-9 -4 -16 -31 -2 -12 -18 54 -50 -23 6 -18 -1 -3 -13 23 -4 25 -10 -22 -9 -11 16 6 -12 7 -15 -7 -23 21 10 11 28 16 26 11 5 -2 -7 19 5 -19 5 20 -23 6 16
